# Координаты начала и конца n отрезков
# 
--------------------------------------------------------------------------------------------------
0.30 | 0.80 | 0.40 | 0.10 | 0.00 | 0.20 | 0.50 | 0.30 | 0.30 | 0.30 | 0.80 | 0.70 | 0.80 | 0.30
--------------------------------------------------------------------------------------------------
0.50 | 0.40 | 0.20 | 0.00 | 0.90 | 0.60 | 0.20 | 0.20 | 0.20 | 0.40 | 0.00 | 0.90 | 0.80 | 1.00
--------------------------------------------------------------------------------------------------
0.10 | 0.10 | 0.20 | 0.20 | 0.80 | 0.60 | 0.50 | 0.30 | 0.80 | 0.70 | 0.90 | 0.40 | 0.90 | 0.80
--------------------------------------------------------------------------------------------------
0.50 | 0.50 | 1.00 | 0.40 | 0.10 | 0.60 | 0.60 | 0.90 | 0.50 | 1.00 | 0.40 | 0.90 | 0.80 | 0.80
--------------------------------------------------------------------------------------------------
